0
0
0
0
0
0
0
0
4
0
0
0
0
0
0
24
0
0
0
0
0
4
52
0
0
67
0
4
0
0
0
0
47
0
1
0
0
0
0
0
0
40
0
0
0
0
0
0
0
0
0
0
0
0
0
172
0
0
0
0
0
0
0
0
0
0
0
0
0
0
0
0
86
144
0
0
0
0
0
0
198
221
0
0
0
0
0
0
0
0
0
0
0
0
0
0
121
0
0
0
0
0
0
28
0
0
0
0
0
0
84
0
0
116
28
0
0
0
8
0
0
0
0
0
0
0
0
199
0
0
0
19
0
10
0
36
0
0
0
0
0
0
0
0
4
0
95
149
0
0
0
0
11
0
0
0
91
14
3
0
0
0
0
0
0
0
0
0
6
0
0
0
0
0
23
0
0
0
0
0
46
0
47
0
0
0
0
0
35
0
0
0
0
0
0
149
0
0
0
0
0
126
0
0
0
0
0
0
0
0
115
0
8
200
65
119
0
0
0
29
0
8
0
16
65
45
0
0
0
0
0
0
0
0
0
12
50
17
0
0
0
24
0
0
0
0
0
0
0
121
0
0
57
0
0
0
0
0
0
0
0
0
31
0
0
32
63
0
0
0
22
0
65
0
0
0
31
0
0
0
0
0
0
0
31
0
0
45
0
0
0
0
0
0
0
0
0
29
54
14
0
0
0
0
62
51
0
0
0
0
0
277
0
160
10
0
0
0
7
0
0
0
106
1
0
48
0
0
0
0
0
5
0
0
18
0
0
0
0
0
112
0
0
0
0
0
80
0
0
0
0
0
0
0
7
0
5
26
0
0
NA
0
0
0
0
0
0
25
0
0
0
0
0
167
0
5
0
0
0
31
0
0
0
3
53
86
0
0
26
0
0
0
0
40
0
0
0
119
1
0
0
0
0
0
0
0
0
0
0
141
33
0
0
190
0
25
0
0
10
0
0
0
0
0
0
0
0
0
0
69
0
0
0
64
0
0
0
0
0
70
0
0
0
0
0
2
0
0
37
0
73
0
0
0
0
416
0
14
0
14
0
0
0
0
10
0
0
0
0
21
0
0
0
0
0
2
0
134
0
0
0
0
0
0
0
0
11
0
0
0
7
0
0
0
0
0
70
0
0
307
0
17
27
0
41
0
78
0
0
0
0
0
0
0
63
5
0
0
0
375
0
210
0
45
21
5
25
0
0
0
0
9
0
0
0
0
29
0
0
0
0
0
0
0
0
16
0
0
0
0
0
170
14
0
0
0
0
61
6
238
96
0
0
0
0
0
0
0
0
23
38
0
0
51
0
0
0
0
0
0
0
240
248
0
0
0
0
0
0
105
0
0
0
0
56
0
0
0
0
0
0
0
0
0
9
0
0
27
0
0
0
0
0
0
23
0
0
0
0
0
31
0
0
63
4
0
0
64
24
0
122
0
0
0
26
0
134
13
279
15
0
36
0
0
0
0
112
5
0
67
0
0
0
0
180
0
0
11
0
0
0
0
0
0
13
0
93
0
65
0
0
0
0
0
49
0
73
0
188
0
0
0
0
0
0
82
0
23
70
0
0
14
0
0
0
0
24
0
0
0
64
33
111
0
0
0
0
0
0
0
0
56
0
0
0
0
0
0
0
101
0
0
0
0
0
0
0
0
0
0
0
0
0
0
51
0
0
0
0
0
0
0
0
126
0
5
0
0
0
0
46
0
62
0
0
0
0
126
0
18
0
0
0
66
83
0
0
200
80
0
0
0
0
0
0
30
0
0
0
0
0
0
100
88
0
0
0
0
0
0
63
0
0
0
0
0
20
0
0
13
0
0
0
159
124
10
0
0
0
0
0
0
17
0
134
55
0
0
0
0
0
0
0
49
348
0
0
0
0
6
0
56
0
0
0
114
0
0
27
0
0
0
21
0
0
0
0
0
0
0
0
95
58
248
0
0
0
149
0
18
0
0
0
0
22
0
0
70
200
0
0
0
0
0
0
0
0
0
0
0
0
112
0
10
0
0
NA
NA
0
0
0
0
0
41
0
0
0
0
0
0
198
61
89
0
0
0
0
104
0
31
0
0
0
64
23
0
0
0
0
0
0
0
0
0
0
0
66
0
0
0
0
0
0
10
0
0
32
180
0
12
17
0
96
0
0
0
0
17
0
16
0
27
0
0
0
0
0
0
23
0
0
0
8
0
0
0
0
0
262
0
0
5
0
0
0
0
18
0
0
0
0
0
20
0
0
0
0
96
0
112
0
126
44
0
0
0
41
0
0
96
15
0
0
0
0
0
0
0
0
0
0
0
0
12
0
0
0
0
0
0
0
0
12
15
0
0
0
0
0
0
0
0
0
0
0
23
24
0
36
0
0
0
0
23
26
0
0
0
0
0
0
125
0
0
0
0
4
39
196
36
0
0
0
0
60
0
0
0
0
0
0
0
0
0
0
0
156
0
0
0
9
0
0
0
0
0
0
0
0
0
0
0
0
0
0
0
0
0
19
9
0
0
33
0
0
0
0
0
1
0
0
0
0
27
0
0
14
0
0
52
0
0
0
0
0
170
34
0
0
0
0
0
27
0
0
0
0
0
0
0
24
0
105
0
0
0
0
0
0
0
0
0
63
0
0
0
0
0
6
0
0
105
0
0
0
0
64
0
0
298
18
0
0
0
0
88
0
0
0
0
0
92
0
0
21
0
64
0
0
0
0
0
0
23
0
0
0
0
0
66
0
0
120
38
0
0
0
0
0
21
0
0
0
0
0
0
141
97
0
0
0
0
0
0
0
40
25
0
0
0
0
0
0
0
0
102
0
0
61
11
0
0
0
0
0
0
0
0
0
0
130
0
7
0
138
0
0
0
0
11
0
0
0
0
240
0
0
0
32
0
0
2
0
0
6
0
0
0
0
0
0
0
0
0
0
34
0
0
0
31
6
0
0
0
0
72
0
155
32
0
0
0
0
56
0
0
0
0
0
0
323
178
49
0
0
0
0
101
0
0
0
0
0
0
0
0
0
0
0
0
0
0
0
0
215
0
0
0
0
0
0
0
0
0
0
0
0
60
115
111
0
60
0
0
97
0
0
0
0
0
25
0
64
4
0
0
0
0
0
0
8
0
0
0
0
0
0
0
0
105
40
0
48
68
0
0
0
104
0
0
0
0
0
75
0
0
11
12
0
0
0
0
0
0
0
0
0
72
0
0
18
267
0
0
18
36
0
0
0
47
0
0
0
0
0
20
14
0
180
104
0
0
0
0
0
0
0
0
0
0
220
63
0
18
0
0
0
NA
0
0
9
0
0
0
0
0
0
0
86
0
0
230
0
0
0
91
15
30
0
0
0
0
48
0
0
0
0
0
0
88
173
0
0
0
101
54
0
0
0
0
0
0
0
0
0
0
0
0
0
0
0
0
0
0
486
173
0
0
0
0
0
0
0
11
21
0
0
0
0
31
81
0
0
0
0
0
0
0
0
93
421
0
2
0
0
0
0
0
0
0
0
15
0
0
0
0
0
0
0
0
68
0
0
0
0
26
190
14
38
63
0
0
8
43
15
0
0
151
90
0
0
0
0
0
0
11
35
0
0
40
0
0
84
0
0
0
0
0
0
0
0
0
0
176
0
0
0
0
0
0
0
0
0
0
70
0
0
0
51
0
0
0
0
0
301
83
0
0
32
46
0
0
0
33
0
0
0
105
33
0
111
32
187
0
0
0
0
0
0
38
0
0
43
60
0
27
0
0
0
0
0
0
0
91
33
0
22
0
0
0
0
0
0
0
0
0
0
182
95
152
23
0
0
0
98
0
0
0
0
110
0
0
0
0
0
0
54
0
0
0
16
0
0
32
74
0
0
0
149
100
0
0
0
0
0
0
0
0
0
0
100
0
0
0
0
0
0
100
0
0
0
6
0
38
0
0
0
0
0
0
0
0
0
0
0
0
368
0
0
0
0
0
31
0
0
0
0
23
0
0
0
0
0
0
0
0
0
0
0
0
0
0
124
0
0
0
0
0
0
175
0
0
0
0
0
0
10
0
0
0
0
0
0
0
0
0
34
0
0
0
0
0
0
0
68
0
0
0
65
0
0
0
101
13
0
0
81
0
0
150
0
0
0
115
30
0
0
0
10
0
0
0
0
24
6
0
0
0
0
0
30
0
0
0
36
0
0
0
0
0
0
0
0
0
0
0
0
0
0
0
21
0
0
0
161
0
0
82
15
0
0
0
0
0
0
82
7
0
0
53
23
31
23
0
0
0
0
0
26
0
0
0
0
0
128
0
0
10
0
20
0
0
0
0
0
0
0
0
62
0
0
0
83
0
0
0
59
0
156
95
0
0
0
0
510
191
0
0
0
0
0
33
88
0
0
0
0
0
0
5
0
0
0
17
0
0
5
0
69
0
0
0
0
0
0
0
0
0
33
45
0
0
0
146
35
0
0
15
0
0
0
0
123
0
0
0
52
0
3
79
0
0
0
23
0
0
0
0
44
33
0
223
0
0
0
0
71
74
0
0
0
26
29
0
0
0
0
0
0
0
319
0
0
109
0
0
41
0
0
0
37
0
0
0
66
6
41
131
0
0
0
0
0
0
1
0
0
0
0
31
0
233
0
25
362
25
0
0
0
0
0
0
4
0
22
0
0
0
15
0
0
0
0
0
0
35
0
0
0
11
0
0
138
14
0
0
0
0
0
0
0
0
0
26
0
0
0
0
36
0
0
31
0
0
0
0
11
23
0
0
0
0
110
0
0
68
13
3
0
0
55
0
0
0
0
0
30
0
0
0
42
0
0
0
0
0
0
6
0
0
0
0
0
4
0
0
0
0
0
0
0
0
0
0
69
20
0
0
0
0
0
0
62
10
8
0
0
0
0
0
0
0
0
78
0
0
0
0
35
0
0
0
0
0
0
0
61
0
0
0
0
0
0
0
0
0
0
0
0
0
57
0
0
0
0
0
0
56
0
0
0
0
82
0
0
0
36
14
0
0
0
636
0
0
0
0
2
0
145
0
0
0
0
22
0
0
0
0
0
0
0
0
0
0
0
0
0
0
0
32
0
0
0
0
0
0
0
0
0
0
0
0
0
45
0
0
0
0
0
0
44
0
0
230
0
0
0
98
0
0
0
0
55
91
10
0
0
0
0
0
0
0
0
37
0
0
0
0
0
0
0
60
21
300
25
0
0
0
0
0
62
0
0
165
0
0
30
150
0
0
0
0
0
0
0
0
0
65
9
11
66
0
0
0
0
0
0
0
0
0
0
53
46
122
0
0
33
0
0
0
0
0
0
45
0
53
0
92
0
151
70
75
45
0
0
0
0
0
0
0
0
0
0
0
0
0
0
0
0
50
84
18
0
0
0
0
40
5
0
22
0
0
158
0
0
0
30
0
0
0
0
53
0
0
160
0
0
15
0
0
0
0
10
75
0
14
0
0
20
3
0
0
0
252
20
0
0
0
0
2
115
0
0
0
71
0
0
6
0
0
0
0
0
0
0
0
0
144
0
76
0
0
0
0
0
0
0
0
0
0
73
0
0
0
0
34
17
0
125
0
0
0
0
183
33
6
30
0
0
0
0
0
0
0
12
0
0
0
0
0
0
0
0
128
6
0
0
0
0
0
0
5
0
18
0
0
0
218
0
0
0
0
72
0
91
0
0
0
0
0
225
0
12
0
0
0
25
35
0
0
0
10
0
0
0
0
133
38
0
0
0
56
252
37
0
0
0
0
0
0
0
0
0
0
0
0
54
0
0
0
0
0
0
0
15
0
0
31
0
0
91
0
175
0
3
108
464
0
0
0
0
0
56
0
6
0
0
0
0
0
0
0
0
0
0
72
2
71
1
0
0
0
0
177
0
0
0
0
0
0
0
0
0
0
0
0
0
0
0
0
0
34
0
0
0
0
0
0
0
0
108
0
0
0
36
0
0
0
0
78
90
0
0
0
0
0
0
0
18
0
0
0
20
0
0
0
0
0
0
0
0
0
0
0
0
0
105
150
20
0
0
56
0
0
0
20
0
0
40
18
0
0
0
40
0
0
0
0
0
0
140
0
0
0
0
0
0
0
0
0
48
305
0
0
0
0
0
0
0
0
0
0
0
0
0
0
0
97
0
0
82
0
0
0
71
61
0
0
0
0
0
0
0
0
24
0
84
0
100
0
0
210
14
0
82
0
0
0
0
0
0
0
55
0
0
0
94
73
0
0
0
0
0
0
0
0
86
0
0
0
0
0
51
8
41
17
6
24
82
8
33
0
0
0
0
0
0
0
35
55
57
0
0
0
35
0
0
10
0
0
0
84
76
0
0
0
0
0
0
0
0
103
68
14
0
0
0
38
0
0
0
0
0
11
0
0
0
68
108
105
0
0
0
0
44
0
0
0
0
0
0
0
0
0
72
17
44
0
0
0
0
0
16
0
0
65
0
0
0
225
48
40
0
0
0
0
0
0
0
NA
NA
NA
NA
NA
NA
NA
NA
NA
NA
NA
NA
NA
NA
NA
NA
NA
NA
NA
NA
NA
NA
NA
NA
NA
NA
NA
NA
NA
NA
NA
44
0
0
0
0
0
0
0
50
40
0
0
0
10
0
5
0
0
0
34
0
0
0
0
0
0
0
0
0
0
65
0
0
0
11
0
22
0
0
0
0
0
0
0
0
0
0
0
0
15
0
345
65
0
0
0
0
0
40
0
0
0
0
0
0
0
0
0
0
36
12
0
0
15
0
0
0
0
0
0
0
0
0
8
0
0
0
30
0
0
245
0
0
0
0
140
64
68
0
0
0
0
0
0
0
0
0
0
0
0
170
0
0
0
40
38
0
0
0
26
9
0
0
0
0
0
0
0
0
5
52
36
0
0
0
0
0
120
0
118
10
0
0
60
0
0
0
0
0
0
0
0
0
0
0
0
170
60
0
0
0
123
0
0
14
0
60
25
81
0
0
0
1
0
0
0
0
0
0
90
75
55
0
100
0
5
38
10
0
0
110
55
0
0
0
70
0
0
97
78
0
0
0
75
55
0
0
74
0
269
240
0
0
0
0
0
15
28
0
0
0
0
0
0
25
0
0
10
0
0
0
10
0
104
0
0
0
0
0
0
0
0
60
0
0
8
33
0
0
0
0
0
0
0
0
0
0
45
66
0
0
0
114
0
0
0
0
0
8
9
0
10
15
0
0
0
0
0
38
0
0
0
253
148
0
0
0
0
173
0
0
0
138
0
0
0
0
60
25
26
11
0
0
0
0
35
165
0
0
0
0
0
0
0
0
5
123
97
42
15
0
0
0
95
0
13
15
0
0
0
0
31
91
0
0
0
0
30
0
0
0
0
0
31
0
0
0
0
0
0
0
0
20
0
0
0
22
3
0
0
0
0
0
0
10
0
5
133
16
0
0
96
56
0
0
10
0
0
0
0
20
28
0
0
54
0
0
0
0
0
0
0
0
0
0
0
0
122
7
0
0
0
40
0
0
0
80
62
0
0
0
10
62
0
0
0
93
0
0
0
0
0
0
0
0
25
34
NA
94
0
0
0
0
0
0
148
10
0
0
12
0
0
0
0
0
0
0
0
0
0
0
10
8
21
0
0
0
0
0
0
0
27
9
0
0
0
0
81
0
0
0
0
0
0
0
0
0
210
21
57
0
0
0
0
0
27
67
0
0
0
162
120
0
0
0
0
0
0
0
0
0
0
0
2
182
0
0
0
0
0
0
0
0
0
62
0
0
0
0
18
0
0
65
0
0
0
0
0
28
88
0
140
0
0
0
0
0
0
0
0
5
12
0
0
0
0
76
0
0
0
0
0
0
60
0
0
0
0
35
0
0
0
52
0
0
0
0
122
10
0
0
0
0
0
28
0
0
0
0
0
25
285
215
0
0
2
0
0
84
15
33
0
0
0
0
0
0
0
0
0
0
0
27
58
0
0
0
0
0
45
0
0
0
0
0
5
0
0
0
0
0
0
0
0
0
0
0
0
32
0
88
56
0
0
0
52
0
0
0
0
0
30
0
0
0
0
0
0
30
0
0
0
0
55
0
0
185
0
0
6
20
0
26
180
0
0
0
0
0
0
0
0
0
0
0
0
61
0
0
0
150
0
0
0
0
0
0
0
0
0
0
0
0
0
0
140
0
30
0
0
0
0
0
0
0
0
0
220
0
0
0
0
0
0
0
0
0
0
0
0
0
235
0
0
16
0
6
115
251
5
0
0
0
0
0
51
0
0
0
0
0
0
8
0
160
0
0
0
6
75
0
0
0
0
0
5
0
0
47
0
6
0
0
20
72
124
0
0
0
0
0
0
170
0
0
51
37
0
0
464
0
0
0
0
0
25
0
0
0
0
0
0
0
0
0
48
0
60
0
0
0
0
10
38
0
0
0
0
0
0
0
0
0
0
0
96
0
225
0
0
0
0
4
6
23
56
0
0
22
0
0
0
110
0
0
0
53
0
0
0
0
0
16
227
81
0
0
0
0
0
0
22
0
0
0
0
98
100
0
0
0
0
0
102
0
0
0
60
0
0
0
6
0
0
0
0
0
0
42
0
83
0
70
6
0
0
0
0
0
0
20
0
118
289
0
51
0
12
0
0
0
0
0
95
0
0
0
0
0
91
0
0
0
0
21
0
0
140
0
0
0
0
140
24
0
0
0
0
0
0
5
81
0
0
0
0
0
0
0
0
0
0
0
0
0
0
0
0
51
0
0
5
0
0
0
0
0
0
15
0
0
0
0
0
0
0
22
80
0
0
0
34
0
0
0
0
0
0
0
0
11
0
7
30
59
0
0
0
0
0
0
0
23
0
0
0
0
0
0
93
0
0
0
0
0
0
0
0
0
0
0
0
0
185
0
0
0
0
0
40
0
0
0
0
0
0
0
0
0
0
0
0
0
0
208
0
0
0
0
0
0
0
0
0
0
0
0
25
0
0
0
0
0
10
0
0
0
0
0
0
0
50
0
0
0
0
0
90
0
121
0
0
0
0
0
0
0
0
0
0
0
0
0
0
0
0
0
12
0
0
13
0
0
0
0
29
21
0
0
161
0
0
0
0
0
0
0
0
93
0
0
0
0
0
0
0
0
0
0
0
25
0
0
0
0
0
0
10
0
0
0
0
40
0
0
0
60
0
32
0
0
0
0
0
0
0
0
0
10
0
0
0
95
25
178
0
0
23
0
0
10
0
0
0
0
0
187
192
0
0
113
0
0
0
0
0
0
0
0
0
0
0
0
0
0
0
0
0
0
0
0
0
10
0
0
0
0
0
0
26
3
0
0
0
17
23
0
36
0
0
0
0
0
0
0
0
60
155
0
0
0
0
95
2
0
0
0
102
3
NA
NA
NA
NA
NA
NA
NA
NA
NA
NA
NA
NA
NA
NA
NA
NA
NA
NA
NA
NA
NA
NA
NA
NA
NA
NA
NA
NA
NA
NA
NA
0
0
0
0
3
6
0
0
0
5
0
0
0
0
0
11
11
60
0
0
0
0
0
0
0
37
162
0
0
0
0
0
0
12
0
0
0
114
0
0
0
18
178
0
114
24
0
0
0
0
0
0
0
0
0
20
90
5
0
0
0
0
61
0
0
0
0
0
33
0
0
16
82
0
0
21
0
0
0
0
0
0
61
0
0
0
0
0
35
0
0
0
0
0
0
0
0
2
51
0
0
0
0
250
0
0
0
0
0
0
0
0
0
0
0
0
0
0
38
73
0
57
40
72
12
0
0
0
0
5
157
0
0
0
35
0
0
0
0
0
0
0
0
0
14
11
0
20
61
23
0
0
0
0
46
6
1
0
47
0
0
0
0
0
0
0
0
0
0
0
0
124
0
0
36
0
0
0
0
0
0
400
3
0
0
0
0
0
0
0
0
0
0
120
0
0
0
170
0
0
0
10
10
0
0
0
0
0
18
17
8
NA
NA
NA
NA
NA
NA
NA
NA
NA
NA
NA
NA
NA
NA
NA
NA
NA
NA
NA
NA
NA
NA
NA
NA
NA
NA
NA
NA
NA
NA
NA
NA
NA
NA
NA
NA
NA
NA
NA
NA
NA
NA
NA
NA
NA
NA
NA
NA
NA
NA
NA
NA
NA
NA
NA
NA
NA
NA
NA
0
0
0
0
0
0
0
0
0
20
75
0
0
0
0
0
125
0
90
70
0
0
0
0
5
0
52
0
0
56
0
210
10
0
0
0
0
73
0
0
0
0
0
55
0
0
0
0
125
0
0
0
80
115
0
0
0
41
0
0
0
0
0
0
0
0
0
0
0
0
0
0
0
0
213
0
0
0
0
54
0
15
0
0
50
0
70
NA
NA
20
0
0
0
205
0
0
60
0
0
29
0
0
0
0
0
0
0
0
0
0
0
0
0
0
1
0
0
55
0
0
0
0
0
20
0
0
0
0
0
0
0
0
1
0
30
16
0
0
0
40
0
0
0
0
0
0
0
0
0
0
0
0
0
0
0
0
0
0
0
510
0
0
0
0
0
0
0
0
0
0
0
0
0
0
0
0
50
0
0
0
NA
NA
NA
NA
NA
NA
NA
NA
NA
NA
NA
NA
NA
NA
NA
NA
NA
NA
NA
NA
NA
NA
NA
NA
NA
NA
NA
NA
NA
NA
NA
0
165
0
0
0
0
0
0
0
0
0
0
0
146
0
0
0
0
0
0
10
16
0
0
0
48
0
0
54
0
0
0
0
0
0
0
0
0
0
0
0
0
0
0
0
0
0
0
0
0
145
0
205
4
0
0
0
0
5
NA
NA
NA
NA
NA
NA
NA
NA
NA
NA
NA
NA
NA
NA
NA
NA
NA
NA
NA
NA
NA
NA
NA
NA
NA
NA
NA
NA
NA
NA
NA
0
0
0
0
280
0
0
0
32
3
0
0
0
0
97
0
0
0
0
0
0
103
0
0
0
0
0
0
8
280
37
0
0
0
0
0
202
0
0
30
320
0
420
8
0
101
50
0
7
0
0
0
155
0
0
0
0
0
35
